44,
85,
0,
25,
37,
17,
127,
23,
235,
10,
0,
0,
0,
42,
0,
60,
0,
0,
103,
0,
0,
0,
0,
0,
0,
255,
0,
0,
0,
0,
0,
0,
36,
0,
71,
212,
0,
62,
50,
0,
0,
0,
0,
0,
0,
0,
0,
0,
66,
225,
105,
0,
0,
0,
0,
0,
0,
0,
0,
192,
7,
0,
148,
4,
30,
0,
0,
0,
64,
4,
76,
0,
120,
4,
144,
0,
4,
0,
6,
0,
64,
0,
213,
4,
32,
0,
96,
0,
62,
0,
0,
132,
0,
0,
0,
0,
34,
13,
218,
32,
100,
201,
24,
22,
128,
1,
180,
192,
0,
4,
0,
0,
186,
233,
31,
8,
10,
2,
0,
242,
63,
4,
0,
1,
0,
0,
0,
1,
15,
2,
15,
2,
180,
3,
0,
207,
38,
7,
17,
17,
224,
47,
32,
240,
64,
58,
136,
0,
0,
128,
28,
41,
0,
0,
254,
3,
3,
0,
128,
0,
3,
3,
64,
12,
248,
22,
248,
24,
249,
16,
249,
32,
249,
10,
27,
30,
48,
0,
112,
8,
36,
10,
139,
0,
20,
0,
0,
26,
0,
196,
63,
4,
4,
155,
128,
9,
233,
255,
127,
64,
210,
13,
216,
255,
63,
186,
233,
31,
8,
10,
2,
188,
5,
0,
0,
0,
0,
0,
0,
0,
0,
0,
0,
0,
130,
48,
0,
0,
48,
17,
66,
48,
1,
148,
17,
127,
0,
116,
0,
6,
0,
146,
5,
1,
150,
5,
0,
0,
6,
0,
80,
65,
0,
0,
0,
0,
0,
67,
2,
8,
0,
144,
15,
255,
255,
31,
0,
135,
24,
58,
0,
0,
0,
0,
0,
12,
0,
0,
12,
4,
1,
0,
1,
0,
0,
0,
3,
0,
0,
0,
108,
0,
0,
208,
4,
0,
208,
4,
0,
20,
0,
112,
56,
8,
0,
0,
0,
0,
1,
0,
0,
0,
0,
1,
0,
204,
0,
0,
0,
0,
16,
0,
29,
59,
2,
2,
68,
68,
66,
110,
110,
110,
18,
0,
130,
0,
0,
178,
41,
9,
0,
0,
95,
6,
161,
145,
0,
0,
0,
0,
128,
157,
8,
24,
15,
0,
64,
0,
4,
0,
0,
0,
15,
0,
0,
3,
0,
2,
0,
47,
0,
58,
6,
160,
0,
14,
7,
6,
3,
0,
0,
0,
0,
16,
13,
20,
0,
39,
0,
16,
0,
0,
0,
0,
0,
132,
8,
16,
0,
60,
3,
2,
0,
0,
0,
0,
1,
192,
5,
0,
1,
0,
3,
2,
0,
0,
0,
0,
0,
15,
0,
0,
0,
0,
0,
0,
0,
0,
0,
0,
0,
0,
};
